6176
4331
4721
4039
8487
6103
6187
1447
9022
3372
20
3999
6803
7543
3252
2932
9098
5982
4618
905
7273
8426
8222
4831
171
1491
3596
261
3947
1079
1801
8524
7000
2076
6495
4745
658
3582
8294
3483
1144
6190
2623
4954
5027
153
1441
2762
7342
5413
5481
1011
8253
8848
2485
3165
3817
7884
4963
3274
6040
766
9544
1246
7870
7695
4515
53
1003
6985
2778
9486
5772
3826
5267
4617
1273
131
2566
5634
9593
8244
4369
166
5771
7996
2962
8185
9558
182
3534
5247
179
3790
7232
5447
2351
879
4476
4524
5070
1107
1677
1976
6296
880
9771
9200
6327
5608
9960
3326
3973
2757
4045
3550
8404
1812
2339
741
4773
176
2730
3966
1125
1230
6627
9460
2770
6674
5305
3351
4639
6892
1147
9206
6789
3554
2737
6483
4803
1594
7710
9443
9172
5582
2610
1557
1837
3774
384
5693
5217
4022
241
3602
4973
5757
2052
1420
4807
4815
5191
2106
3280
6718
7251
6179
5181
4079
6285
4051
5296
6752
7092
5917
6337
2058
5818
5537
4913
2559
5856
1180
9381
3557
6778
311
2091
6300
9840
5317
538
2893
9585
9455
4909
7837
5685
7970
1517
7638
4866
6583
3548
2824
9301
3504
881
8926
3667
4556
1581
3889
8254
56
9134
9536
2207
1461
7961
1794
6766
3620
4508
9149
7255
422
7495
1767
9924
6888
7088
8075
1305
4631
8232
2557
139
9719
6933
1568
8368
9141
5373
1548
3541
4693
5616
6652
3865
7850
836
9490
3311
6043
796
761
3848
4168
807
8657
4685
6932
8747
9488
8955
2705
9552
1267
5887
168
8623
5137
936
4437
5901
4837
5320
1169
6277
6934
6011
9912
6202
5952
2785
4838
1666
6683
9698
9166
5030
2897
6935
2223
2513
2719
4858
4334
2182
2029
7893
5157
1489
8806
4027
2237
5511
4549
40
7218
4851
4839
1102
3617
6126
7113
9136
3898
1711
7836
5282
3911
4989
720
2225
6175
5816
4452
2465
6394
4197
1993
9340
1403
2240
2476
1016
7011
9104
367
9117
3172
5586
3371
4764
4112
9387
5754
965
1584
7724
7047
1282
7987
6648
5377
1260
9
4731
2948
6107
4000
5814
985
6729
305
9826
6436
5088
4330
1648
1898
6324
9639
8896
1410
4961
5487
6191
8199
9128
159
1940
7607
7065
9532
5981
5328
8739
7520
7056
8565
6058
4386
2576
2278
8837
6616
2684
6036
1126
2523
4710
2459
8144
4650
8317
8082
3076
3496
7021
2927
1985
2829
2113
5631
491
7384
6926
1691
6673
2837
9890
2040
1896
5037
5213
3648
9581
1387
2431
4741
7776
739
7630
8948
7553
5127
5254
2471
6158
6137
8807
8875
1515
5897
1130
7587
6770
2325
6545
8381
7098
9032
5638
25
6007
6809
7041
4927
1342
9497
1645
5534
4570
9784
1907
9788
2215
5400
333
2918
2579
7376
3829
75
5441
8950
4547
9752
1857
5539
1559
923
1366
7103
8393
3980
675
4304
1204
2218
772
5935
3428
505
5376
6681
4316
6834
1162
6703
7919
9847
2585
1686
7240
1764
6520
9864
169
1085
7871
5443
966
4645
7507
6428
4091
5568
5103
4517
7129
8159
1619
9713
5543
6260
9504
1127
6977
7567
2304
4928
9503
5715
62
4300
6416
8804
7205
8969
7392
5349
5838
8114
3613
6284
1696
9803
2692
5362
2297
629
9824
3495
2039
7631
6272
8499
4353
6046
3780
3599
975
7492
657
177
6653
8249
3996
4020
4322
4347
6966
787
5865
9192
793
4010
2320
4272
1854
6310
4053
934
8799
5824
6
6188
5242
1507
1957
7316
8712
7278
2500
7420
5155
8757
9125
6576
1103
6826
5398
4759
3308
8208
3815
7148
1121
7053
9229
8676
8726
9964
1895
6075
5133
328
7932
5515
7410
2788
2510
2920
717
1353
7061
605
1841
5469
8001
7816
2721
6897
1415
8126
5495
5700
45
8779
9978
3166
4004
482
4031
9048
6895
2929
5939
9611
7750
2752
6198
9496
8863
3195
700
9270
9589
1242
7388
476
4326
3566
8108
3879
1868
6392
3124
1233
3089
4349
4086
7680
4577
5734
6783
2537
2477
4770
1093
662
8069
3520
3401
6714
4732
4971
3836
1086
4765
1782
6220
1058
2012
6348
8993
7627
653
6224
6381
9074
7419
7503
6338
4335
925
3630
7261
8590
127
9325
802
6373
790
3025
472
737
3800
3903
8716
5790
4146
1409
7194
6704
5951
1105
543
3810
9696
3767
3937
2549
1166
950
3015
2620
928
3958
9683
1721
1354
7997
9635
9384
3027
2810
6792
6644
4238
3053
1033
258
2944
8163
4800
3095
147
157
783
4663
8417
3459
732
7810
259
3201
7397
6301
6688
2353
7029
6356
5243
4424
7988
4966
6608
9975
7161
6016
5492
2745
61
8953
282
2145
8296
6453
9342
9060
5647
8797
2273
7100
5948
8053
113
7223
80
3801
5924
6042
204
3677
5843
7712
1726
8039
2761
7290
304
1944
2335
2904
5167
9587
4087
9628
1856
5266
5333
6085
3412
6894
9612
5605
8594
7373
8203
404
1765
2134
6973
9173
2825
1109
7163
1367
3457
9693
4904
7465
9017
4474
6706
663
6896
7337
6491
2460
2749
3014
1664
3798
3353
7396
1995
8442
1684
4707
2619
1432
1087
6044
4328
1492
6497
8801
5010
8658
7448
133
353
6575
7714
4959
2885
4352
452
371
7570
2445
8116
4921
8765
2546
5880
4719
8887
2219
47
679
2160
8321
7524
132
287
8720
7301
4830
7133
2046
8617
627
4847
2708
9801
6601
2028
8998
1452
6181
5665
2367
6499
6840
9755
1308
1106
5718
1519
6215
318
6994
634
8793
8544
7999
6276
9676
9308
9596
3578
3811
3300
3206
6838
430
7126
3363
5176
6119
5500
4366
6331
5094
6216
2302
8154
2650
7318
4644
2833
8250
8514
3002
7622
5983
9871
9012
5298
2108
6910
72
5910
3788
3247
849
1747
2272
1513
1693
6412
1984
559
3676
4021
3575
5212
6432
8595
1
24
4187
8874
5733
411444
5873
3796
5189
7387
7608
1368
5234
4143
9668
7716
