8527
2463
4116
8981
4886
7577
3540
5098
7166
124
5602
3389
7153
4698
8309
6763
9848
1306
97
1083
88
10020
877
2062
9330
1956
9930
4143
6586
1126
1368
2064
5512
6252
2469
9074
6654
8069
6499
7360
6426
3636
4992
8917
5714
5315
3279
9494
8398
6470
6275
1840
6042
4745
6786
9058
9685
7053
2092
5663
9563
318
7808
2695
6497
7181
6125
1708
4397
2502
4176
1828
3099
5640
5261
9483
9268
1798
2880
8481
7444
3588
748
9383
9787
3391
1475
5730
4488
3108
2174
5581
44
9221
2883
4691
4232
7523
4789
8353
8510
7821
1951
3436
8834
9496
6738
5969
8484
5561
4326
4504
1278
5255
8678
6002
3007
3207
9044
5339
301
8057
8726
8821
6748
2921
2948
567
2232
1879
6643
214
1932
9275
6991
9187
1093
704
2745
9724
4887
6234
4715
5740
1282
1676
8755
6947
9658
319
4254
442
2023
2717
952
5055
6371
4856
872
4252
4507
5675
2338
9118
9266
8727
4724
593
9760
2239
3866
8503
9003
4993
2678
308
2058
1562
33
7645
1551
974
9047
2897
3979
2035
298
739
9179
7618
2742
411
2345
3074
3644
6925
9813
7372
2265
6983
3919
1386
410
6657
4317
2099
555
1811
5518
3669
4621
8079
6591
2182
3550
9932
9705
8718
3692
8129
1721
4213
6140
9234
1531
7435
4177
1110
508
9689
1537
870
2999
8093
4222
5453
624
1303
199
6108
4459
5368
2756
1722
1263
1983
9328
1194
8340
7052
7125
5983
701
3871
5145
7912
9339
5564
1517
1361
7016
1002
3146
9991
5504
6905
1698
9595
8373
8968
6973
4336
6633
8194
7489
4585
4271
5774
3671
7176
6798
3851
8554
1768
8051
8982
4729
1759
8775
1215
7988
340
5298
9586
1488
9554
1813
9583
1869
758
1
225
2743
4472
9781
6844
7908
9664
7905
6634
8243
1558
7687
6345
3929
285
1100
5599
3904
6828
4583
5826
8687
1854
9131
3110
7029
3464
7615
488
2981
4042
2879
2564
2934
1885
1449
8757
497
8805
7934
2377
7733
7252
8152
5945
5094
3954
6974
5461
9106
3477
2863
6530
7236
8762
2123
9404
4735
9397
2153
4243
1342
5309
5586
6365
3222
9910
7965
2975
1713
2323
3763
4535
1510
5356
6061
4956
5881
3773
3595
8445
9060
1026
6685
4821
7959
2333
5299
7837
6999
4556
4874
9735
9577
1455
9054
8225
1666
946
5214
5667
1968
6048
9928
7840
6757
6850
422
5621
5652
574
5422
6356
3813
3811
2387
6493
1360
9951
9092
5683
8000
4283
8772
5548
4776
7689
7439
8695
5115
3750
3719
8451
7745
239
4332
8660
3432
6098
2878
9151
9194
5019
2330
334
6350
5484
8602
249
6240
9378
862
3063
5717
3292
3105
4574
4296
3077
4178
366
3269
8993
3273
4639
7579
2565
4967
6959
1491
2613
3824
4081
1159
5570
8594
4402
4611
9125
2961
1647
6764
7009
3612
36
2356
6463
3242
5412
2258
8003
8972
5432
5953
1033
8753
2735
2591
252
4032
4592
9570
1910
6092
1883
355
4908
6837
3444
549
6483
2227
4341
7962
4541
5171
7956
7172
7218
4356
4503
7342
9316
4483
2572
9325
9845
2739
2225
4182
8008
312
5496
9736
705
6794
1568
4829
8204
1079
412
1685
1283
8343
4094
6594
6706
2135
8616
674
3397
1876
2301
7235
4734
8187
8138
2267
7002
2979
7018
8841
1812
6921
7631
2806
2673
1643
7097
142
6203
10000
260
4792
4179
4500
9065
9038
7703
833
9709
1280
1116
5414
3149
7987
9749
7885
3861
4957
2551
307
8303
9579
5089
4892
5340
9375
3711
4946
7582
9034
445
3941
7043
3472
6597
2789
4576
8795
8900
43
3260
4242
7913
568
601
3355
9731
5474
7149
677
2517
3107
6419
5213
2242
5747
2147
7062
688
6544
4
4667
1405
4697
6308
5537
8255
2966
1041
9937
8598
3366
7250
6767
4004
6112
8565
9401
4113
3558
3971
3053
9235
9458
7800
2854
1010
2638
3337
7441
9189
9660
7736
7234
1498
9217
8130
2759
8704
3277
9750
6440
9271
581
4657
5114
4403
1626
1124
4873
7778
560
184
1792
2198
5359
1831
5853
4796
5833
1620
3414
3727
5933
55
4181
7560
3860
9360
1508
5481
8237
6027
3203
3560
1938
3972
3969
4537
5165
8624
2179
8943
3365
4085
4936
2411
2303
1674
2569
8559
1311
5894
6574
4048
2166
6317
2008
1911
7844
4833
7519
4982
4830
4253
2646
6765
3717
4712
6495
4099
4534
3098
8258
9200
3463
5327
5934
6242
3319
4202
9719
5591
6344
3313
5120
795
8776
304
3656
7281
4941
1729
5521
6902
7207
2439
628
7317
5583
9043
792
4043
2904
5283
3042
345
2697
1193
6736
7293
8840
6504
3186
7713
3106
9609
6420
4547
558
5832
5206
2694
6082
1298
274
4767
3597
3274
9064
3999
8486
7935
2043
1716
2034
5942
7979
1506
8706
5248
2607
7413
5227
3218
7398
4363
5366
9369
500
6976
631
5944
7887
8587
998
5589
3762
1254
5565
6888
3545
3616
890
1693
4561
8659
7841
937
1875
757
1339
7794
1102
7448
9534
7818
9254
4727
6443
8145
8118
3514
1738
8579
4358
3939
1746
9080
4282
8058
1947
2309
3708
8034
6029
4244
5388
3030
8172
8367
4281
2425
3140
6689
3707
1055
4990
50
7945
725
9695
2357
8291
9196
4955
9949
9712
1456
2347
9231
279
3211
4766
8933
6102
5104
8193
7066
5922
302
7752
5763
2359
1214
5936
4976
509
336
4815
6424
3272
3080
1404
2758
9567
3555
9531
5168
6651
5073
8552
15
5835
6578
7612
8316
754
8055
7983
9228
7334
8839
5178
8953
1406
5984
356
5188
8645
8932
8658
9526
6373
337
6572
5498
6557
6820
7570
5604
8468
4411
2777
5161
1410
6342
9798
6165
4134
607
9453
4642
484
3117
7734
8600
316
9334
8078
4016
187
8517
8948
8478
283
672
3569
6664
8669
2599
721
3160
1598
8251
7624
3684
2407
4168
3045
2663
8810
9614
6425
4895
9351
3474
1650
1838
5755
1577
